goal_pose:
  theta_rad: 0.4824954410396293
  x_mm: 692
  y_mm: 563
priority: 30
start_pose:
  theta_rad: 1.6618241488356744
  x_mm: 509
  y_mm: 336
