goal_pose:
  theta_rad: 2.4408834498152028
  x_mm: 216
  y_mm: 454
priority: 49
start_pose:
  theta_rad: 3.7421095315871153
  x_mm: 533
  y_mm: 598
