goal_pose:
  theta_rad: 0.5131235145626668
  x_mm: 214
  y_mm: 662
priority: 27
start_pose:
  theta_rad: 4.056088727399671
  x_mm: 201
  y_mm: 475
