goal_pose:
  theta_rad: 0.851089406707323
  x_mm: 400
  y_mm: 643
priority: 57
start_pose:
  theta_rad: 4.636785239108273
  x_mm: 555
  y_mm: 665
