goal_pose:
  theta_rad: 0.4029748095607583
  x_mm: 330
  y_mm: 267
priority: 8
start_pose:
  theta_rad: 2.5088220322562074
  x_mm: 628
  y_mm: 685
