goal_pose:
  theta_rad: 2.8250942144938476
  x_mm: 497
  y_mm: 623
priority: 18
start_pose:
  theta_rad: 5.41415111362689
  x_mm: 545
  y_mm: 576
