goal_pose:
  theta_rad: 5.696231295567454
  x_mm: 268
  y_mm: 475
priority: 57
start_pose:
  theta_rad: 0.45454632668117406
  x_mm: 365
  y_mm: 551
