goal_pose:
  theta_rad: 5.426993995901398
  x_mm: 400
  y_mm: 249
priority: 49
start_pose:
  theta_rad: 2.856013401766078
  x_mm: 411
  y_mm: 660
