goal_pose:
  theta_rad: 0.08241033931821333
  x_mm: 688
  y_mm: 286
priority: 27
start_pose:
  theta_rad: 2.3961178358405966
  x_mm: 458
  y_mm: 428
