goal_pose:
  theta_rad: 0.04165211847049173
  x_mm: 631
  y_mm: 589
priority: 13
start_pose:
  theta_rad: 5.721021088257801
  x_mm: 326
  y_mm: 523
