goal_pose:
  theta_rad: 0.5676841543913571
  x_mm: 311
  y_mm: 395
priority: 10
start_pose:
  theta_rad: 4.0063413289026935
  x_mm: 401
  y_mm: 219
