goal_pose:
  theta_rad: 5.574532725702002
  x_mm: 563
  y_mm: 511
priority: 29
start_pose:
  theta_rad: 0.30957018737832775
  x_mm: 644
  y_mm: 239
