goal_pose:
  theta_rad: 1.633998862683387
  x_mm: 371
  y_mm: 423
priority: 6
start_pose:
  theta_rad: 0.13475592685001095
  x_mm: 234
  y_mm: 514
