goal_pose:
  theta_rad: 6.108334332658614
  x_mm: 333
  y_mm: 231
priority: 36
start_pose:
  theta_rad: 3.8603501230361688
  x_mm: 571
  y_mm: 644
