goal_pose:
  theta_rad: 5.274688596889247
  x_mm: 624
  y_mm: 518
priority: 34
start_pose:
  theta_rad: 3.750991471352702
  x_mm: 543
  y_mm: 620
