goal_pose:
  theta_rad: 2.347061170707072
  x_mm: 500
  y_mm: 267
priority: 29
start_pose:
  theta_rad: 1.6772898636801488
  x_mm: 643
  y_mm: 553
