goal_pose:
  theta_rad: 4.333436167560743
  x_mm: 642
  y_mm: 678
priority: 40
start_pose:
  theta_rad: 4.754343398633026
  x_mm: 581
  y_mm: 302
