goal_pose:
  theta_rad: 5.819965647384285
  x_mm: 589
  y_mm: 608
priority: 57
start_pose:
  theta_rad: 4.247000414817565
  x_mm: 257
  y_mm: 348
