goal_pose:
  theta_rad: 0.301340390501132
  x_mm: 352
  y_mm: 405
priority: 24
start_pose:
  theta_rad: 5.102146927806358
  x_mm: 345
  y_mm: 561
