goal_pose:
  theta_rad: 5.549339475395278
  x_mm: 296
  y_mm: 481
priority: 20
start_pose:
  theta_rad: 0.9136672554252598
  x_mm: 444
  y_mm: 444
