goal_pose:
  theta_rad: 2.0877030332652664
  x_mm: 456
  y_mm: 289
priority: 5
start_pose:
  theta_rad: 5.569966883732592
  x_mm: 306
  y_mm: 555
