goal_pose:
  theta_rad: 0.33569995683720555
  x_mm: 660
  y_mm: 583
priority: 50
start_pose:
  theta_rad: 2.0305875817197303
  x_mm: 239
  y_mm: 338
