goal_pose:
  theta_rad: 0.8520391835827699
  x_mm: 454
  y_mm: 394
priority: 58
start_pose:
  theta_rad: 2.8596207341409516
  x_mm: 226
  y_mm: 686
