goal_pose:
  theta_rad: 4.711100773972019
  x_mm: 336
  y_mm: 574
priority: 32
start_pose:
  theta_rad: 0.46014611727918386
  x_mm: 369
  y_mm: 593
