goal_pose:
  theta_rad: 0.029061895842393264
  x_mm: 321
  y_mm: 362
priority: 23
start_pose:
  theta_rad: 2.106020151278132
  x_mm: 483
  y_mm: 638
