goal_pose:
  theta_rad: 0.30045872453792444
  x_mm: 511
  y_mm: 475
priority: 18
start_pose:
  theta_rad: 0.7999325395434158
  x_mm: 630
  y_mm: 646
