goal_pose:
  theta_rad: 4.219052679528905
  x_mm: 397
  y_mm: 257
priority: 23
start_pose:
  theta_rad: 0.17794975208725572
  x_mm: 537
  y_mm: 650
