goal_pose:
  theta_rad: 3.6050774173207776
  x_mm: 528
  y_mm: 640
priority: 47
start_pose:
  theta_rad: 5.391879254441824
  x_mm: 279
  y_mm: 597
