goal_pose:
  theta_rad: 0.14351541046763755
  x_mm: 402
  y_mm: 368
priority: 24
start_pose:
  theta_rad: 4.117584894355167
  x_mm: 496
  y_mm: 526
