goal_pose:
  theta_rad: 0.7716789738940685
  x_mm: 543
  y_mm: 605
priority: 20
start_pose:
  theta_rad: 5.647387873508646
  x_mm: 238
  y_mm: 412
