goal_pose:
  theta_rad: 2.807845431239971
  x_mm: 615
  y_mm: 531
priority: 1
start_pose:
  theta_rad: 5.959078906015648
  x_mm: 645
  y_mm: 459
