goal_pose:
  theta_rad: 2.5743081122828255
  x_mm: 237
  y_mm: 544
priority: 34
start_pose:
  theta_rad: 0.5796063059793705
  x_mm: 332
  y_mm: 474
