goal_pose:
  theta_rad: 0.48220900359849966
  x_mm: 293
  y_mm: 587
priority: 42
start_pose:
  theta_rad: 1.1762318548326525
  x_mm: 293
  y_mm: 382
