goal_pose:
  theta_rad: 2.8130257385367536
  x_mm: 522
  y_mm: 362
priority: 33
start_pose:
  theta_rad: 4.677218731053276
  x_mm: 229
  y_mm: 544
