goal_pose:
  theta_rad: 0.5784839624556787
  x_mm: 448
  y_mm: 231
priority: 10
start_pose:
  theta_rad: 2.5793644293007443
  x_mm: 232
  y_mm: 335
