goal_pose:
  theta_rad: 6.241761874737975
  x_mm: 635
  y_mm: 227
priority: 31
start_pose:
  theta_rad: 1.9605379808042833
  x_mm: 531
  y_mm: 590
