goal_pose:
  theta_rad: 0.28837247081153145
  x_mm: 429
  y_mm: 390
priority: 26
start_pose:
  theta_rad: 5.707914989313598
  x_mm: 468
  y_mm: 575
