goal_pose:
  theta_rad: 0.6360123239615757
  x_mm: 411
  y_mm: 205
priority: 60
start_pose:
  theta_rad: 5.035733866674158
  x_mm: 281
  y_mm: 320
