goal_pose:
  theta_rad: 3.4911152288648246
  x_mm: 436
  y_mm: 286
priority: 30
start_pose:
  theta_rad: 4.974169038624515
  x_mm: 228
  y_mm: 350
