goal_pose:
  theta_rad: 1.8905452275349595
  x_mm: 439
  y_mm: 350
priority: 55
start_pose:
  theta_rad: 0.3479273281059887
  x_mm: 519
  y_mm: 402
