goal_pose:
  theta_rad: 6.007909232127252
  x_mm: 393
  y_mm: 364
priority: 38
start_pose:
  theta_rad: 1.0542018416590055
  x_mm: 436
  y_mm: 423
