goal_pose:
  theta_rad: 0.7702270055452654
  x_mm: 585
  y_mm: 478
priority: 8
start_pose:
  theta_rad: 3.5483780247529952
  x_mm: 287
  y_mm: 216
