goal_pose:
  theta_rad: 4.7006767366792035
  x_mm: 694
  y_mm: 431
priority: 4
start_pose:
  theta_rad: 0.38294684135133883
  x_mm: 448
  y_mm: 489
