goal_pose:
  theta_rad: 4.841652925744603
  x_mm: 584
  y_mm: 297
priority: 42
start_pose:
  theta_rad: 0.36050939583674324
  x_mm: 429
  y_mm: 297
