goal_pose:
  theta_rad: 3.344186991031349
  x_mm: 315
  y_mm: 595
priority: 27
start_pose:
  theta_rad: 2.650605231732764
  x_mm: 492
  y_mm: 678
