goal_pose:
  theta_rad: 5.80322380374759
  x_mm: 424
  y_mm: 321
priority: 12
start_pose:
  theta_rad: 5.645636061268774
  x_mm: 225
  y_mm: 390
