goal_pose:
  theta_rad: 3.0008392155576944
  x_mm: 308
  y_mm: 563
priority: 29
start_pose:
  theta_rad: 4.510692761355098
  x_mm: 300
  y_mm: 579
