goal_pose:
  theta_rad: 0.7489456801784008
  x_mm: 669
  y_mm: 222
priority: 41
start_pose:
  theta_rad: 2.6102583651782414
  x_mm: 359
  y_mm: 370
