goal_pose:
  theta_rad: 0.7125534702363124
  x_mm: 523
  y_mm: 570
priority: 26
start_pose:
  theta_rad: 3.929787984453842
  x_mm: 446
  y_mm: 685
