goal_pose:
  theta_rad: 2.626554710096768
  x_mm: 621
  y_mm: 510
priority: 57
start_pose:
  theta_rad: 4.167590985740904
  x_mm: 406
  y_mm: 282
