goal_pose:
  theta_rad: 0.4460109041270233
  x_mm: 399
  y_mm: 549
priority: 9
start_pose:
  theta_rad: 1.4474837231579378
  x_mm: 541
  y_mm: 337
