goal_pose:
  theta_rad: 4.793605660851797
  x_mm: 210
  y_mm: 572
priority: 59
start_pose:
  theta_rad: 5.778329319985753
  x_mm: 274
  y_mm: 327
