goal_pose:
  theta_rad: 4.711792700016008
  x_mm: 623
  y_mm: 333
priority: 30
start_pose:
  theta_rad: 1.9920068566411708
  x_mm: 442
  y_mm: 533
