goal_pose:
  theta_rad: 3.467570582042386
  x_mm: 662
  y_mm: 686
priority: 16
start_pose:
  theta_rad: 1.73982815857158
  x_mm: 511
  y_mm: 347
