goal_pose:
  theta_rad: 0.43915521419133635
  x_mm: 482
  y_mm: 579
priority: 40
start_pose:
  theta_rad: 2.180618821542229
  x_mm: 335
  y_mm: 209
