goal_pose:
  theta_rad: 0.3989230560858566
  x_mm: 359
  y_mm: 209
priority: 4
start_pose:
  theta_rad: 0.9502739683900008
  x_mm: 204
  y_mm: 361
