goal_pose:
  theta_rad: 1.252818856018898
  x_mm: 428
  y_mm: 291
priority: 40
start_pose:
  theta_rad: 2.044881885495759
  x_mm: 495
  y_mm: 632
