goal_pose:
  theta_rad: 0.0013694711436394245
  x_mm: 318
  y_mm: 371
priority: 45
start_pose:
  theta_rad: 0.9646910394627448
  x_mm: 673
  y_mm: 456
