goal_pose:
  theta_rad: 0.8945974399083761
  x_mm: 645
  y_mm: 354
priority: 55
start_pose:
  theta_rad: 1.5613564725432467
  x_mm: 460
  y_mm: 422
