goal_pose:
  theta_rad: 3.247542285554616
  x_mm: 443
  y_mm: 313
priority: 23
start_pose:
  theta_rad: 1.620868398945337
  x_mm: 614
  y_mm: 261
