goal_pose:
  theta_rad: 0.32908816375284244
  x_mm: 245
  y_mm: 307
priority: 29
start_pose:
  theta_rad: 4.6144124625350615
  x_mm: 690
  y_mm: 586
