goal_pose:
  theta_rad: 0.6394654981391491
  x_mm: 678
  y_mm: 676
priority: 26
start_pose:
  theta_rad: 5.28639528133434
  x_mm: 439
  y_mm: 621
