goal_pose:
  theta_rad: 1.8764687081858924
  x_mm: 493
  y_mm: 600
priority: 4
start_pose:
  theta_rad: 0.5723472983227913
  x_mm: 206
  y_mm: 646
