goal_pose:
  theta_rad: 4.95540172954075
  x_mm: 649
  y_mm: 284
priority: 55
start_pose:
  theta_rad: 0.004929814097734293
  x_mm: 547
  y_mm: 641
