goal_pose:
  theta_rad: 5.829213745615641
  x_mm: 232
  y_mm: 576
priority: 5
start_pose:
  theta_rad: 0.7010233397438437
  x_mm: 417
  y_mm: 682
