goal_pose:
  theta_rad: 1.786970187255266
  x_mm: 316
  y_mm: 455
priority: 10
start_pose:
  theta_rad: 0.3061805071115429
  x_mm: 392
  y_mm: 651
