goal_pose:
  theta_rad: 2.113149261269931
  x_mm: 422
  y_mm: 687
priority: 27
start_pose:
  theta_rad: 0.6016476956757385
  x_mm: 674
  y_mm: 658
