goal_pose:
  theta_rad: 0.10031396281154564
  x_mm: 524
  y_mm: 681
priority: 18
start_pose:
  theta_rad: 5.872021462538125
  x_mm: 440
  y_mm: 216
