goal_pose:
  theta_rad: 0.731185879052022
  x_mm: 200
  y_mm: 462
priority: 54
start_pose:
  theta_rad: 0.0761387643767461
  x_mm: 394
  y_mm: 503
