goal_pose:
  theta_rad: 0.17575081511669732
  x_mm: 441
  y_mm: 497
priority: 7
start_pose:
  theta_rad: 1.8184205076958917
  x_mm: 688
  y_mm: 474
