goal_pose:
  theta_rad: 2.904955847380078
  x_mm: 509
  y_mm: 656
priority: 59
start_pose:
  theta_rad: 0.6255976269107252
  x_mm: 371
  y_mm: 334
