goal_pose:
  theta_rad: 0.18500280330385244
  x_mm: 459
  y_mm: 549
priority: 21
start_pose:
  theta_rad: 5.456725354338905
  x_mm: 687
  y_mm: 359
