goal_pose:
  theta_rad: 0.006262050625968936
  x_mm: 676
  y_mm: 676
priority: 52
start_pose:
  theta_rad: 5.365287293733044
  x_mm: 457
  y_mm: 600
