goal_pose:
  theta_rad: 3.3872271399626586
  x_mm: 548
  y_mm: 476
priority: 4
start_pose:
  theta_rad: 0.5103067869155248
  x_mm: 455
  y_mm: 572
