goal_pose:
  theta_rad: 0.31463829416419875
  x_mm: 425
  y_mm: 200
priority: 50
start_pose:
  theta_rad: 1.1169635222892835
  x_mm: 634
  y_mm: 322
