goal_pose:
  theta_rad: 5.314584307790932
  x_mm: 334
  y_mm: 353
priority: 46
start_pose:
  theta_rad: 0.05408200356457652
  x_mm: 617
  y_mm: 218
