goal_pose:
  theta_rad: 3.619306043667159
  x_mm: 223
  y_mm: 402
priority: 29
start_pose:
  theta_rad: 4.6284365969348995
  x_mm: 506
  y_mm: 588
