goal_pose:
  theta_rad: 4.097858831983785
  x_mm: 257
  y_mm: 667
priority: 11
start_pose:
  theta_rad: 0.8004320158982126
  x_mm: 281
  y_mm: 528
