goal_pose:
  theta_rad: 0.7426823537658583
  x_mm: 524
  y_mm: 573
priority: 55
start_pose:
  theta_rad: 5.699937918528758
  x_mm: 273
  y_mm: 223
