goal_pose:
  theta_rad: 3.0696960915424505
  x_mm: 616
  y_mm: 516
priority: 22
start_pose:
  theta_rad: 3.674910563300468
  x_mm: 570
  y_mm: 526
