goal_pose:
  theta_rad: 5.899666780299301
  x_mm: 362
  y_mm: 312
priority: 5
start_pose:
  theta_rad: 0.9180868954873366
  x_mm: 275
  y_mm: 569
