goal_pose:
  theta_rad: 0.1310321347855147
  x_mm: 639
  y_mm: 384
priority: 40
start_pose:
  theta_rad: 2.9459794707661806
  x_mm: 317
  y_mm: 452
