goal_pose:
  theta_rad: 0.9906254608425633
  x_mm: 559
  y_mm: 541
priority: 35
start_pose:
  theta_rad: 5.595829881354025
  x_mm: 285
  y_mm: 624
