goal_pose:
  theta_rad: 0.8948661297457714
  x_mm: 576
  y_mm: 437
priority: 25
start_pose:
  theta_rad: 5.8621598273349615
  x_mm: 691
  y_mm: 207
