goal_pose:
  theta_rad: 3.639897400630444
  x_mm: 503
  y_mm: 510
priority: 37
start_pose:
  theta_rad: 2.1934396754225904
  x_mm: 544
  y_mm: 304
