goal_pose:
  theta_rad: 0.6996323674208599
  x_mm: 676
  y_mm: 273
priority: 41
start_pose:
  theta_rad: 5.486156306892418
  x_mm: 274
  y_mm: 585
