goal_pose:
  theta_rad: 1.360093760192934
  x_mm: 493
  y_mm: 351
priority: 40
start_pose:
  theta_rad: 0.5673076810340436
  x_mm: 665
  y_mm: 527
