goal_pose:
  theta_rad: 5.437447489740446
  x_mm: 571
  y_mm: 231
priority: 53
start_pose:
  theta_rad: 2.0407419632588604
  x_mm: 480
  y_mm: 653
