goal_pose:
  theta_rad: 5.525637863343604
  x_mm: 313
  y_mm: 556
priority: 1
start_pose:
  theta_rad: 0.8248197437142539
  x_mm: 466
  y_mm: 483
