goal_pose:
  theta_rad: 0.1259187707633228
  x_mm: 580
  y_mm: 427
priority: 52
start_pose:
  theta_rad: 1.2542359178520577
  x_mm: 514
  y_mm: 465
