goal_pose:
  theta_rad: 4.695884653834277
  x_mm: 355
  y_mm: 309
priority: 23
start_pose:
  theta_rad: 0.8230474463801016
  x_mm: 405
  y_mm: 337
