goal_pose:
  theta_rad: 0.45979698667402974
  x_mm: 641
  y_mm: 429
priority: 7
start_pose:
  theta_rad: 3.565809461062804
  x_mm: 562
  y_mm: 551
