goal_pose:
  theta_rad: 2.5027386344946585
  x_mm: 469
  y_mm: 541
priority: 14
start_pose:
  theta_rad: 0.18884137597816691
  x_mm: 463
  y_mm: 281
