goal_pose:
  theta_rad: 0.40459343327273345
  x_mm: 262
  y_mm: 597
priority: 20
start_pose:
  theta_rad: 3.406597015445891
  x_mm: 405
  y_mm: 367
