goal_pose:
  theta_rad: 1.2558298843820075
  x_mm: 342
  y_mm: 615
priority: 15
start_pose:
  theta_rad: 0.02388966218733965
  x_mm: 442
  y_mm: 622
