goal_pose:
  theta_rad: 0.9164720793891494
  x_mm: 616
  y_mm: 551
priority: 24
start_pose:
  theta_rad: 5.722235755648986
  x_mm: 503
  y_mm: 255
