goal_pose:
  theta_rad: 5.407863960756445
  x_mm: 623
  y_mm: 667
priority: 6
start_pose:
  theta_rad: 4.257771723611317
  x_mm: 503
  y_mm: 233
