goal_pose:
  theta_rad: 2.826051888696822
  x_mm: 489
  y_mm: 293
priority: 58
start_pose:
  theta_rad: 4.778879637775668
  x_mm: 658
  y_mm: 400
