goal_pose:
  theta_rad: 0.3663817437289102
  x_mm: 430
  y_mm: 462
priority: 2
start_pose:
  theta_rad: 0.15797965658541924
  x_mm: 582
  y_mm: 421
